ICSD_55515.AB #216 - - cF396 F-43m Mg29I
1.244826
   -0.00000000000000   8.05857202904410   8.05857202904410
   8.05857202904410   0.00000000000000   8.05857202904410
   8.05857202904410   8.05857202904410   -0.00000000000000
12 87 
Direct(99) [A12B87] 
   0.15043869991087   0.15043869991087   0.15043869991087 
   0.15043869991087   0.15043869991087   0.54868390026741 
   0.15043869991087   0.54868390026741   0.15043869991087 
   0.54868390026741   0.15043869991087   0.15043869991087 
   0.41760234066269   0.41760234066269   0.41760234066269 
   0.41760234066269   0.41760234066269   0.74719297801194 
   0.41760234066269   0.74719297801194   0.41760234066269 
   0.74719297801194   0.41760234066269   0.41760234066269 
   0.65488885258410   0.65488885258410   0.65488885258410 
   0.65488885258410   0.65488885258410   0.03533344224771 
   0.65488885258410   0.03533344224771   0.65488885258410 
   0.03533344224771   0.65488885258410   0.65488885258410 
   0.15950125080806   0.15950125080806   0.94309267796894 
   0.15950125080806   0.15950125080806   0.73790482041492 
   0.94309267796894   0.73790482041492   0.15950125080806 
   0.73790482041492   0.94309267796894   0.15950125080806 
   0.94309267796894   0.15950125080806   0.15950125080806 
   0.73790482041492   0.15950125080806   0.15950125080806 
   0.15950125080806   0.94309267796894   0.73790482041492 
   0.15950125080806   0.73790482041492   0.94309267796894 
   0.15950125080806   0.94309267796894   0.15950125080806 
   0.15950125080806   0.73790482041492   0.15950125080806 
   0.73790482041492   0.15950125080806   0.94309267796894 
   0.94309267796894   0.15950125080806   0.73790482041492 
   0.76906134590231   0.76906134590231   0.43081143278771 
   0.76906134590231   0.76906134590231   0.03106587540767 
   0.43081143278771   0.03106587540767   0.76906134590231 
   0.03106587540767   0.43081143278771   0.76906134590231 
   0.43081143278771   0.76906134590231   0.76906134590231 
   0.03106587540767   0.76906134590231   0.76906134590231 
   0.76906134590231   0.43081143278771   0.03106587540767 
   0.76906134590231   0.03106587540767   0.43081143278771 
   0.76906134590231   0.43081143278771   0.76906134590231 
   0.76906134590231   0.03106587540767   0.76906134590231 
   0.03106587540767   0.76906134590231   0.43081143278771 
   0.43081143278771   0.76906134590231   0.03106587540767 
   0.28384315859293   0.28384315859293   0.93081382924431 
   0.28384315859293   0.28384315859293   0.50149985356984 
   0.93081382924431   0.50149985356984   0.28384315859293 
   0.50149985356984   0.93081382924431   0.28384315859293 
   0.93081382924431   0.28384315859293   0.28384315859293 
   0.50149985356984   0.28384315859293   0.28384315859293 
   0.28384315859293   0.93081382924431   0.50149985356984 
   0.28384315859293   0.50149985356984   0.93081382924431 
   0.28384315859293   0.93081382924431   0.28384315859293 
   0.28384315859293   0.50149985356984   0.28384315859293 
   0.50149985356984   0.28384315859293   0.93081382924431 
   0.93081382924431   0.28384315859293   0.50149985356984 
   0.52090082691636   0.52090082691636   0.78579532765003 
   0.52090082691636   0.52090082691636   0.17240301851724 
   0.78579532765003   0.17240301851724   0.52090082691636 
   0.17240301851724   0.78579532765003   0.52090082691636 
   0.78579532765003   0.52090082691636   0.52090082691636 
   0.17240301851724   0.52090082691636   0.52090082691636 
   0.52090082691636   0.78579532765003   0.17240301851724 
   0.52090082691636   0.17240301851724   0.78579532765003 
   0.52090082691636   0.78579532765003   0.52090082691636 
   0.52090082691636   0.17240301851724   0.52090082691636 
   0.17240301851724   0.52090082691636   0.78579532765003 
   0.78579532765003   0.52090082691636   0.17240301851724 
   0.01949814509988   0.01949814509988   0.36645842654233 
   0.01949814509988   0.01949814509988   0.59454528325792 
   0.36645842654233   0.59454528325792   0.01949814509988 
   0.59454528325792   0.36645842654233   0.01949814509988 
   0.36645842654233   0.01949814509988   0.01949814509988 
   0.59454528325792   0.01949814509988   0.01949814509988 
   0.01949814509988   0.36645842654233   0.59454528325792 
   0.01949814509988   0.59454528325792   0.36645842654233 
   0.01949814509988   0.36645842654233   0.01949814509988 
   0.01949814509988   0.59454528325792   0.01949814509988 
   0.59454528325792   0.01949814509988   0.36645842654233 
   0.36645842654233   0.01949814509988   0.59454528325792 
   0.35669244738531   0.14330755261469   0.14330755261469 
   0.14330755261469   0.35669244738531   0.35669244738531 
   0.14330755261469   0.35669244738531   0.14330755261469 
   0.35669244738531   0.14330755261469   0.35669244738531 
   0.14330755261469   0.14330755261469   0.35669244738531 
   0.35669244738531   0.35669244738531   0.14330755261469 
   0.86664735320678   0.63335264679322   0.63335264679322 
   0.63335264679322   0.86664735320678   0.86664735320678 
   0.63335264679322   0.86664735320678   0.63335264679322 
   0.86664735320678   0.63335264679322   0.86664735320678 
   0.63335264679322   0.63335264679322   0.86664735320678 
   0.86664735320678   0.86664735320678   0.63335264679322 
   0.68027905010342   0.31972094989658   0.31972094989658 
   0.31972094989658   0.68027905010342   0.68027905010342 
   0.31972094989658   0.68027905010342   0.31972094989658 
   0.68027905010342   0.31972094989658   0.68027905010342 
   0.31972094989658   0.31972094989658   0.68027905010342 
   0.68027905010342   0.68027905010342   0.31972094989658 
   0.55163639603436   0.55163639603436   0.55163639603436 
   0.55163639603436   0.55163639603436   0.34509081189690 
   0.55163639603436   0.34509081189690   0.55163639603436 
   0.34509081189690   0.55163639603436   0.55163639603436 
   0.91513384379868   0.91513384379868   0.91513384379868 
   0.91513384379868   0.91513384379868   0.25459846860396 
   0.91513384379868   0.25459846860396   0.91513384379868 
   0.25459846860396   0.91513384379868   0.91513384379868 
   0.00000000000000   0.00000000000000   0.00000000000000 
